"""--------------------------------
Importations de fonctions externes :
--------------------------------"""

"""--------------------------------
Parametres globaux :
--------------------------------"""

L_ini_ex = [3,4,3,1,2]
L_ini = [3,5,3,5,1,3,1,1,5,5,1,1,1,2,2,2,3,1,1,5,1,1,5,5,3,2,2,5,4,4,1,5,1,4,4,5,2,4,1,1,5,3,1,1,4,1,1,1,1,4,1,1,1,1,2,1,1,4,1,1,1,2,3,5,5,1,1,3,1,4,1,3,4,5,1,4,5,1,1,4,1,3,1,5,1,2,1,1,2,1,4,1,1,1,4,4,3,1,1,1,1,1,4,1,4,5,2,1,4,5,4,1,1,1,2,2,1,4,4,1,1,4,1,1,1,2,3,4,2,4,1,1,5,4,2,1,5,1,1,5,1,2,1,1,1,5,5,2,1,4,3,1,2,2,4,1,2,1,1,5,1,3,2,4,3,1,4,3,1,2,1,1,1,1,1,4,3,3,1,3,1,1,5,1,1,1,1,3,3,1,3,5,1,5,5,2,1,2,1,4,2,3,4,1,4,2,4,2,5,3,4,3,5,1,2,1,1,4,1,3,5,1,4,1,2,4,3,1,5,1,1,2,2,4,2,3,1,1,1,5,2,1,4,1,1,1,4,1,3,3,2,4,1,4,2,5,1,5,2,1,4,1,3,1,2,5,5,4,1,2,3,3,2,2,1,3,3,1,4,4,1,1,4,1,1,5,1,2,4,2,1,4,1,1,4,3,5,1,2,1]

L_num = [0 for i in range(9)]

for i in L_ini:
    L_num[i] += 1

"""--------------------------------
Definitions locales de fonctions  :
--------------------------------"""

def MAJ(L_num):
    L_maj = [0 for i in range(9)]
    for i in range(9):
        L_maj[i-1] = L_num[i]
    L_maj[6] += L_num[0]
    return L_maj
    
"""--------------------------------
Corps principal du programme(Main):
--------------------------------"""

for i in range(256):
    L_num = MAJ(L_num)

print(sum(L_num))
